2	0.8439	0.0113	0.6399	0.7668	0.0071	0.6230	0.9122	0.9380	0.2076	0.1547	0.6802	0.5122	0.6233	0.6477	0.8229	0.7739	0.1144	0.3048	0.3381	0.3358	0.1925	0.4571	0.1337	0.3514	0.3093	0.000763
2	0.0549	0.0377	0.5477	0.7012	0.4390	0.8013	0.1907	0.2665	0.7208	0.0680	0.9920	0.5189	0.7081	0.9247	0.3977	0.7996	0.7198	0.6621	0.6550	0.3464	0.6607	0.9499	0.5075	0.5392	0.7468	0.000579
1	0.6897	0.8665	0.3468	0.7721	0.0235	0.7191	0.0850	0.6351	0.3633	0.6401	0.9205	0.8383	0.9724	0.5293	0.2684	0.5828	0.4526	0.6846	0.2135	0.7904	0.8796	0.0697	0.9251	0.8063	0.5847	
2	0.3897	0.9914	0.7661	0.3648	0.2954	0.7218	0.9083	0.2031	0.4937	0.7660	0.3669	0.8083	0.7506	0.9724	0.0493	0.1451	0.9425	0.8116	0.1034	0.5251	0.7148	0.1117	0.9886	0.8739	0.6766	0.000076
3	0.7521	0.2058	0.9979	0.0617	0.9050	0.2882	0.4183	0.1204	0.3543	0.0341	0.8131	0.4904	0.6457	0.3626	0.8965	0.9531	0.5421	0.4590	0.5975	0.6637	0.1667	0.2408	0.0672	0.7914	0.0721	25
1	0.6523	0.7757	0.5261	0.2650	0.1127	0.9254	0.2726	0.6626	0.8995	0.7086	0.2028	0.9609	0.6422	0.7460	0.7590	0.4344	0.6496	0.9403	0.7616	0.9776	0.8553	0.7017	0.4138	0.5493	0.4512	czol
2	0.6625	0.1600	0.5652	0.4766	0.9539	0.0645	0.6146	0.3037	0.9269	0.1366	0.6694	0.8856	0.2275	0.5405	0.8061	0.5634	0.8887	0.4199	0.1651	0.1917	0.9822	0.2493	0.5611	0.6989	0.2102	0.000716
2	0.6504	0.1517	0.4164	0.0692	0.1377	0.6984	0.5759	0.7192	0.9131	0.6462	0.0681	0.6182	0.0174	0.4198	0.0801	0.2861	0.1805	0.1388	0.1087	0.2729	0.8669	0.1343	0.8195	0.8286	0.4647	0.000194
3	0.4357	0.5155	0.8815	0.6662	0.4138	0.9756	0.4722	0.2337	0.6800	0.6531	0.1516	0.2313	0.5449	0.4653	0.4830	0.0121	0.3583	0.9629	0.3894	0.2593	0.3267	0.4403	0.1611	0.9266	0.1321	29
3	0.6537	0.1657	0.1167	0.8974	0.9735	0.8179	0.7604	0.4882	0.5696	0.2319	0.1432	0.9396	0.8875	0.2559	0.9842	0.7978	0.8353	0.2413	0.5181	0.9974	0.1734	0.8756	0.0761	0.5488	0.3328	18
3	0.8942	0.0530	0.8916	0.6748	0.4814	0.0031	0.4715	0.6937	0.7045	0.9098	0.7743	0.1926	0.9841	0.6039	0.5646	0.0444	0.6771	0.3552	0.2951	0.8925	0.0562	0.7348	0.5144	0.5774	0.1363	12
3	0.8109	0.9254	0.0678	0.8115	0.4956	0.8748	0.0155	0.0344	0.6646	0.8420	0.6173	0.6698	0.4331	0.9058	0.5680	0.5954	0.4070	0.1535	0.3899	0.8630	0.9740	0.8924	0.1998	0.2286	0.6454	17
1	0.1448	0.1975	0.4561	0.2015	0.5671	0.7986	0.4035	0.8262	0.4897	0.2479	0.3551	0.3430	0.7252	0.9953	0.9071	0.7355	0.0043	0.0423	0.7220	0.5117	0.9536	0.6538	0.5340	0.9150	0.0543	ze
3	0.0012	0.0761	0.0124	0.4107	0.9655	0.2569	0.8151	0.3480	0.2531	0.8512	0.1580	0.7906	0.8340	0.6364	0.5826	0.7836	0.1116	0.2393	0.2526	0.8036	0.6895	0.5675	0.0644	0.1509	0.8596	10
1	0.9985	0.6159	0.0560	0.4095	0.5297	0.2589	0.2319	0.2891	0.7372	0.4718	0.0840	0.6808	0.0396	0.9149	0.9336	0.2561	0.1433	0.5445	0.8137	0.1281	0.8539	0.1827	0.4645	0.6527	0.8089	
3	0.9188	0.8006	0.0806	0.5725	0.8965	0.9670	0.8284	0.5383	0.0386	0.7037	0.8038	0.3683	0.1040	0.1830	0.4665	0.4020	0.4851	0.2183	0.1795	0.7077	0.2607	0.6896	0.1836	0.4601	0.2319	38
1	0.9766	0.9006	0.4541	0.0110	0.7482	0.8690	0.8730	0.4923	0.5440	0.5405	0.0083	0.1875	0.4881	0.3808	0.7783	0.1028	0.5025	0.0491	0.5835	0.6324	0.9557	0.5758	0.5748	0.7138	0.8066	ak
1	0.9059	0.1611	0.4213	0.4678	0.9292	0.7730	0.5916	0.5453	0.5915	0.9807	0.9690	0.2353	0.6705	0.7878	0.0715	0.8933	0.5425	0.4456	0.5105	0.6164	0.0444	0.9125	0.8198	0.5625	0.2262	
1	0.4482	0.1108	0.0529	0.4712	0.2843	0.9175	0.7199	0.3841	0.6768	0.5735	0.3635	0.6686	0.2213	0.5547	0.7253	0.8567	0.4582	0.6333	0.1370	0.5981	0.7073	0.7579	0.6167	0.8636	0.1593	aqob
3	0.5861	0.8836	0.1733	0.9150	0.1415	0.0599	0.9090	0.1587	0.2688	0.3731	0.3542	0.4624	0.5402	0.0447	0.3840	0.9641	0.0215	0.2010	0.3625	0.9209	0.3891	0.6177	0.7057	0.5898	0.1172	16
1	0.7499	0.5925	0.0929	0.2209	0.0623	0.8406	0.7917	0.0106	0.3775	0.7744	0.3135	0.6163	0.8401	0.1710	0.8155	0.0013	0.3339	0.9162	0.0954	0.5171	0.9320	0.4317	0.9384	0.1893	0.2501	
2	0.9675	0.7352	0.4153	0.1612	0.3945	0.0753	0.0842	0.4022	0.3902	0.7546	0.1666	0.2845	0.2602	0.1068	0.2033	0.4429	0.6476	0.7795	0.7336	0.3822	0.3055	0.1357	0.2815	0.5196	0.2406	0.000291
1	0.8444	0.4921	0.5875	0.3044	0.2028	0.9103	0.4005	0.1432	0.3702	0.6191	0.3841	0.7709	0.6105	0.6703	0.5365	0.1114	0.3671	0.4884	0.8766	0.1105	0.3834	0.6145	0.7388	0.6084	0.3290	
1	0.7337	0.3379	0.9117	0.4769	0.5471	0.0818	0.7109	0.1546	0.6593	0.1707	0.8990	0.9670	0.8699	0.7270	0.6987	0.6665	0.0661	0.1133	0.3682	0.8395	0.4971	0.1642	0.3267	0.4427	0.8395	delw
1	0.1951	0.9341	0.1167	0.2728	0.9667	0.2217	0.5922	0.2308	0.8950	0.6353	0.9364	0.8392	0.3152	0.3635	0.6804	0.1569	0.0091	0.1157	0.8493	0.4858	0.8944	0.6660	0.4975	0.9274	0.5682	
2	0.5220	0.8549	0.0502	0.1411	0.4655	0.9487	0.5922	0.6191	0.2017	0.6637	0.1682	0.8789	0.9462	0.7020	0.0946	0.7036	0.3751	0.8579	0.0719	0.4546	0.4726	0.8101	0.7894	0.1352	0.5808	0.000647
2	0.4520	0.5336	0.6085	0.5319	0.9540	0.3769	0.4203	0.0985	0.3727	0.6893	0.1339	0.8170	0.7633	0.5474	0.8792	0.5905	0.1969	0.7302	0.9605	0.9363	0.6901	0.0865	0.8290	0.4649	0.9815	0.000663
1	0.1352	0.7159	0.4730	0.6914	0.8025	0.8140	0.3100	0.6338	0.3205	0.7545	0.7778	0.2441	0.2562	0.1121	0.8734	0.5838	0.4851	0.8057	0.9764	0.2254	0.0322	0.8124	0.4370	0.6137	0.2616	
2	0.0226	0.3317	0.2644	0.8266	0.3724	0.7401	0.5350	0.6872	0.3613	0.8040	0.2917	0.1688	0.0544	0.5168	0.0284	0.8558	0.5636	0.7150	0.7041	0.4113	0.7613	0.9922	0.7678	0.6220	0.0657	0.000810
2	0.5800	0.7517	0.7124	0.4755	0.7029	0.4059	0.5798	0.5561	0.4183	0.0885	0.8409	0.2050	0.0096	0.2312	0.0297	0.0482	0.3282	0.1573	0.2848	0.1025	0.5714	0.1842	0.7445	0.4819	0.1500	0.000179
2	0.5856	0.8908	0.4140	0.5396	0.2161	0.2542	0.0587	0.1817	0.8912	0.3720	0.5782	0.9496	0.0869	0.9618	0.5545	0.7256	0.4965	0.1110	0.9655	0.2609	0.5340	0.2342	0.1023	0.1484	0.5294	0.000481
1	0.7848	0.2610	0.2073	0.4189	0.5149	0.4490	0.1143	0.0655	0.0224	0.4017	0.1118	0.9150	0.6249	0.3508	0.3730	0.1794	0.3849	0.5313	0.1951	0.8146	0.1645	0.4665	0.6277	0.2704	0.1124	
1	0.2220	0.2327	0.7685	0.3709	0.0948	0.0924	0.0762	0.7740	0.7154	0.0822	0.6303	0.9395	0.0448	0.3531	0.6542	0.2131	0.7339	0.6240	0.8836	0.7696	0.8080	0.5092	0.1139	0.7902	0.6337	nk
2	0.9917	0.4231	0.0254	0.8326	0.7058	0.3146	0.3612	0.3343	0.5374	0.8169	0.6370	0.5710	0.6457	0.9898	0.6655	0.1917	0.9148	0.1854	0.5857	0.0344	0.6198	0.3479	0.7330	0.1329	0.2825	0.000574
1	0.0199	0.8748	0.8480	0.5096	0.8794	0.5779	0.4557	0.5699	0.6355	0.7168	0.0976	0.8869	0.4012	0.4377	0.6528	0.6204	0.5213	0.7510	0.6960	0.7724	0.6313	0.9913	0.1553	0.2141	0.7428	l
2	0.1552	0.9239	0.9973	0.4176	0.0068	0.5988	0.6053	0.4707	0.8521	0.7571	0.2813	0.3856	0.9001	0.7911	0.9126	0.5662	0.8826	0.6172	0.4390	0.1646	0.3943	0.5566	0.1675	0.5067	0.5657	0.000594
2	0.7425	0.2286	0.3104	0.0488	0.9560	0.1230	0.5041	0.1612	0.5442	0.6835	0.0382	0.7676	0.6677	0.6477	0.0521	0.8770	0.4563	0.8297	0.3607	0.8559	0.2707	0.6947	0.3945	0.8800	0.7043	0.000672
2	0.1297	0.0629	0.4629	0.4512	0.0450	0.8911	0.7857	0.0702	0.4977	0.3854	0.1316	0.6386	0.0161	0.0853	0.4880	0.7040	0.3016	0.7621	0.2470	0.2024	0.6125	0.8285	0.0399	0.3366	0.8993	0.000520
3	0.0286	0.8622	0.5964	0.6869	0.4713	0.5443	0.8412	0.3457	0.7953	0.4685	0.6133	0.3192	0.4871	0.5486	0.0766	0.2112	0.3604	0.1623	0.5512	0.2639	0.8921	0.0733	0.1961	0.1935	0.8395	5
3	0.9330	0.9929	0.0174	0.0422	0.0669	0.8488	0.2582	0.6784	0.8986	0.7671	0.8506	0.3513	0.7254	0.5234	0.2664	0.1874	0.3549	0.3052	0.4860	0.3463	0.1745	0.4290	0.2127	0.5701	0.4591	32
1	0.5077	0.6324	0.9969	0.1473	0.8579	0.1241	0.1913	0.1312	0.4310	0.6604	0.9813	0.1514	0.9255	0.0628	0.4667	0.7502	0.9106	0.0135	0.3068	0.8565	0.8064	0.6271	0.9247	0.8449	0.9809	
2	0.8244	0.2096	0.2512	0.6860	0.0711	0.6631	0.0912	0.9385	0.8251	0.7281	0.7507	0.3384	0.4053	0.3955	0.2707	0.5731	0.2215	0.6441	0.7747	0.2331	0.5962	0.9500	0.1141	0.6666	0.8963	0.000029
2	0.3651	0.7723	0.8822	0.9042	0.2916	0.4628	0.7316	0.4780	0.9366	0.3711	0.6794	0.8199	0.8882	0.2741	0.4421	0.1457	0.7537	0.0074	0.9280	0.1883	0.4976	0.0533	0.6383	0.0806	0.2791	0.000359
3	0.3409	0.3761	0.8562	0.4649	0.8471	0.9493	0.9299	0.8315	0.8282	0.2258	0.3719	0.5778	0.4376	0.2358	0.6212	0.7619	0.0477	0.3322	0.6596	0.8818	0.8387	0.7642	0.8855	0.0356	0.7730	41
3	0.4972	0.7434	0.9817	0.4187	0.7011	0.8780	0.5014	0.0082	0.1501	0.3363	0.4384	0.1948	0.0483	0.5527	0.3275	0.6149	0.2130	0.8294	0.8366	0.5771	0.6287	0.2415	0.8625	0.8113	0.5706	32
3	0.3568	0.4238	0.2354	0.5139	0.8215	0.9897	0.8743	0.3046	0.5718	0.2864	0.7963	0.0068	0.5697	0.8013	0.2864	0.9316	0.5079	0.0278	0.4838	0.6427	0.9358	0.5072	0.4027	0.7930	0.5547	34
1	0.1240	0.2655	0.8465	0.3278	0.0323	0.0639	0.3767	0.2221	0.3930	0.8736	0.7045	0.9023	0.7476	0.3637	0.9421	0.1720	0.7354	0.7775	0.9401	0.9009	0.4777	0.7554	0.1461	0.3962	0.3359	kipo
1	0.7908	0.6714	0.0925	0.4590	0.8957	0.4158	0.2830	0.4832	0.2584	0.4303	0.7641	0.9157	0.1383	0.6795	0.1922	0.8906	0.6949	0.4208	0.4948	0.2406	0.6947	0.6686	0.5119	0.5322	0.5000	
2	0.7512	0.3177	0.4310	0.4033	0.2564	0.0477	0.2844	0.2237	0.2311	0.3262	0.2843	0.9081	0.5237	0.0028	0.1285	0.1067	0.7253	0.5713	0.9249	0.9890	0.6822	0.5000	0.2571	0.8035	0.1604	0.000917
3	0.7564	0.3413	0.8850	0.2050	0.2164	0.3896	0.5156	0.5242	0.1261	0.8873	0.2973	0.4908	0.1119	0.6809	0.8498	0.2603	0.9350	0.4909	0.4302	0.9890	0.2476	0.1586	0.7072	0.2757	0.2701	29
1	0.9600	0.8810	0.4328	0.3227	0.4058	0.3830	0.9935	0.0150	0.8158	0.8391	0.2526	0.3473	0.7568	0.4809	0.4171	0.6358	0.2756	0.2745	0.4185	0.6849	0.5542	0.8442	0.8201	0.8549	0.1245	la
3	0.8696	0.3663	0.2794	0.2682	0.4087	0.5497	0.7041	0.4343	0.7051	0.8888	0.5551	0.3146	0.3573	0.2525	0.1252	0.1688	0.2928	0.4249	0.5895	0.4350	0.4105	0.6050	0.9854	0.3171	0.0770	42
1	0.6678	0.8793	0.0197	0.0314	0.1716	0.3216	0.4275	0.9135	0.2398	0.4772	0.1992	0.8279	0.5286	0.9631	0.3233	0.2240	0.9963	0.2132	0.1109	0.4662	0.8080	0.4788	0.7253	0.4800	0.2469	sz
1	0.6130	0.2395	0.9402	0.9355	0.8109	0.5616	0.0414	0.5986	0.1582	0.8289	0.6011	0.4118	0.9205	0.5655	0.6007	0.9091	0.0213	0.3941	0.6069	0.4663	0.1939	0.9785	0.3262	0.3967	0.6112	rdk
3	0.4657	0.0160	0.0932	0.1581	0.5843	0.4729	0.5901	0.6260	0.9983	0.5383	0.0882	0.1237	0.5973	0.3393	0.1796	0.8950	0.4211	0.2859	0.6101	0.8948	0.2748	0.7167	0.4291	0.5888	0.2446	16
2	0.6621	0.0926	0.3537	0.3893	0.6208	0.1876	0.1806	0.1012	0.0025	0.0750	0.8556	0.9977	0.7239	0.7827	0.1097	0.3378	0.3364	0.1895	0.4635	0.6721	0.4087	0.5185	0.7046	0.7977	0.8869	0.000511
3	0.8195	0.6750	0.5487	0.0193	0.1384	0.4540	0.3364	0.4859	0.4567	0.1386	0.1066	0.1573	0.1280	0.2467	0.9610	0.5460	0.6620	0.1059	0.4400	0.0345	0.0155	0.5720	0.9580	0.3593	0.9393	41
1	0.2358	0.3935	0.8249	0.5791	0.5839	0.3421	0.5622	0.1534	0.7937	0.1363	0.7883	0.9884	0.1017	0.6538	0.4065	0.9524	0.4029	0.1410	0.0066	0.5118	0.0736	0.1995	0.1727	0.7628	0.7283	fvvz
2	0.4105	0.0557	0.2813	0.6698	0.0307	0.9006	0.9686	0.7346	0.7374	0.7694	0.0394	0.1417	0.1265	0.2066	0.1904	0.6041	0.4648	0.8836	0.5821	0.8438	0.6297	0.4617	0.7667	0.5315	0.5880	0.000491
1	0.1489	0.3619	0.1686	0.5802	0.8993	0.7606	0.7331	0.3534	0.5581	0.8535	0.0245	0.8795	0.4941	0.8129	0.6262	0.2456	0.7321	0.8070	0.2898	0.7023	0.8961	0.4448	0.4511	0.5038	0.2103	
2	0.7246	0.6816	0.3914	0.4820	0.2582	0.5935	0.6108	0.4326	0.7275	0.4988	0.2668	0.6661	0.5327	0.2937	0.4857	0.2108	0.1215	0.3039	0.0255	0.5818	0.9242	0.8072	0.5731	0.9161	0.5299	0.000792
1	0.1400	0.1676	0.6987	0.5366	0.0002	0.0914	0.2409	0.4987	0.1980	0.8873	0.6814	0.3088	0.1536	0.7755	0.8901	0.3215	0.8189	0.1848	0.3308	0.3606	0.6917	0.3429	0.9221	0.1339	0.7016	xfs
2	0.6084	0.6099	0.4691	0.9162	0.0878	0.6412	0.8892	0.0054	0.6873	0.5027	0.0398	0.2732	0.1467	0.4231	0.1918	0.0021	0.6966	0.2296	0.4389	0.3749	0.4113	0.3287	0.7415	0.6034	0.4950	0.000731
3	0.9706	0.3977	0.0471	0.1694	0.3328	0.2451	0.6410	0.2368	0.3446	0.8342	0.6238	0.7414	0.8441	0.0704	0.7203	0.3988	0.1058	0.6880	0.3935	0.9796	0.0822	0.8162	0.0512	0.2645	0.3785	44
2	0.2564	0.3978	0.0207	0.4269	0.5469	0.0060	0.0693	0.9400	0.9760	0.6041	0.9547	0.4331	0.9858	0.7131	0.5555	0.6996	0.3994	0.8119	0.8044	0.2046	0.3963	0.6499	0.2509	0.9305	0.2343	0.000686
3	0.8269	0.2040	0.1787	0.5859	0.9813	0.6522	0.4039	0.9165	0.1711	0.6394	0.9000	0.4336	0.2523	0.3166	0.9743	0.4962	0.4663	0.8337	0.2465	0.8640	0.2846	0.1945	0.4918	0.5954	0.6247	30
3	0.9549	0.5142	0.7957	0.6334	0.4612	0.3886	0.8876	0.4530	0.0347	0.7708	0.1676	0.1856	0.3829	0.4955	0.9223	0.4550	0.6654	0.6397	0.8333	0.4896	0.2878	0.1847	0.6884	0.8978	0.5358	27
3	0.6097	0.6141	0.0497	0.1187	0.0180	0.4376	0.5940	0.1485	0.1121	0.4118	0.7041	0.3841	0.2074	0.3982	0.0188	0.1284	0.6540	0.6258	0.5904	0.3433	0.6370	0.4243	0.0128	0.2807	0.1202	40
1	0.2430	0.2656	0.6821	0.9715	0.1427	0.7162	0.4435	0.0464	0.9417	0.0731	0.3302	0.0409	0.9293	0.6373	0.3049	0.5788	0.2785	0.5785	0.3281	0.8550	0.3048	0.8022	0.7678	0.4945	0.1451	
2	0.5978	0.6345	0.8986	0.7412	0.5292	0.1226	0.7787	0.3972	0.6034	0.3627	0.9681	0.8762	0.7701	0.5047	0.1475	0.0920	0.2477	0.6912	0.2099	0.1051	0.9389	0.5510	0.5084	0.8556	0.3088	0.000802
2	0.6851	0.0514	0.4035	0.8778	0.3610	0.3350	0.4819	0.3605	0.2814	0.2134	0.2547	0.6324	0.5484	0.9737	0.2539	0.5173	0.1594	0.5720	0.6992	0.2864	0.2461	0.1845	0.1267	0.1849	0.1875	0.000321
2	0.0709	0.9705	0.5771	0.9630	0.9732	0.9729	0.8981	0.8653	0.5569	0.9331	0.7365	0.8139	0.0488	0.9139	0.5947	0.9192	0.8604	0.4007	0.2381	0.8402	0.0325	0.2785	0.3563	0.0206	0.7699	0.000141
3	0.4466	0.3641	0.9675	0.1393	0.8140	0.0192	0.4156	0.1080	0.3793	0.2665	0.7865	0.3463	0.4740	0.0462	0.8407	0.4626	0.8815	0.0730	0.3191	0.5576	0.0279	0.2338	0.0567	0.1677	0.4718	8
1	0.6819	0.2089	0.0184	0.7720	0.5482	0.0276	0.1357	0.3013	0.1275	0.5627	0.9310	0.1713	0.6360	0.3435	0.7871	0.6410	0.2220	0.2853	0.7938	0.4533	0.0416	0.8912	0.9912	0.7844	0.2265	
1	0.5721	0.2378	0.3926	0.8669	0.6039	0.4065	0.1983	0.6971	0.7288	0.2299	0.2364	0.3661	0.4114	0.1857	0.6740	0.5316	0.4680	0.3444	0.0300	0.7793	0.4640	0.4620	0.6807	0.2798	0.9290	ytfu
1	0.8803	0.6945	0.5394	0.6069	0.0612	0.2156	0.7637	0.1635	0.9761	0.1375	0.8712	0.6998	0.8292	0.2313	0.2779	0.8024	0.5295	0.3601	0.4454	0.3354	0.6362	0.1741	0.7593	0.3465	0.1876	e
3	0.6006	0.3796	0.4106	0.3719	0.0288	0.2329	0.4617	0.8582	0.0190	0.5845	0.9124	0.4246	0.3118	0.8207	0.3706	0.8957	0.0399	0.1531	0.3959	0.0443	0.6636	0.9768	0.5132	0.8295	0.1270	7
2	0.2917	0.2539	0.2917	0.7541	0.1653	0.5496	0.9850	0.9688	0.5012	0.0019	0.9621	0.9589	0.2580	0.3131	0.0708	0.7775	0.8201	0.3827	0.7999	0.6118	0.8705	0.2095	0.4616	0.8491	0.2388	0.000223
2	0.3428	0.6862	0.2650	0.5335	0.3507	0.7092	0.4048	0.9332	0.9412	0.2691	0.7326	0.3362	0.1069	0.7085	0.7807	0.9993	0.7493	0.2316	0.6373	0.8085	0.4587	0.7926	0.8511	0.0070	0.3540	0.000860
1	0.5248	0.6314	0.7164	0.8122	0.6508	0.6178	0.1772	0.8129	0.6543	0.0249	0.0207	0.0164	0.5794	0.2566	0.4960	0.3103	0.6303	0.9244	0.4623	0.9526	0.5771	0.5237	0.4850	0.2082	0.7803	
2	0.8005	0.5826	0.5331	0.0891	0.7525	0.7977	0.3997	0.8116	0.1435	0.8484	0.7625	0.4353	0.4291	0.2039	0.9953	0.7379	0.0763	0.1131	0.6583	0.3402	0.4645	0.3372	0.7490	0.5693	0.1967	0.000782
3	0.7974	0.6165	0.6334	0.4810	0.9396	0.6239	0.2371	0.4526	0.8744	0.5340	0.8462	0.9797	0.2738	0.0532	0.9883	0.8606	0.3780	0.1273	0.8090	0.0973	0.2952	0.4937	0.4849	0.4233	0.5380	6
3	0.3489	0.9617	0.6693	0.0407	0.5328	0.3445	0.2541	0.1667	0.0233	0.7858	0.9583	0.1394	0.3825	0.7968	0.4156	0.2735	0.9394	0.7140	0.7310	0.5723	0.3323	0.7502	0.5284	0.5462	0.5489	38
3	0.0528	0.6170	0.6870	0.6137	0.3891	0.0898	0.2265	0.8256	0.5430	0.7120	0.8090	0.3051	0.5352	0.0460	0.6803	0.6260	0.2700	0.4574	0.4756	0.5841	0.6565	0.8655	0.7426	0.1580	0.4252	47
3	0.4928	0.9489	0.1506	0.1035	0.4443	0.9736	0.3675	0.2228	0.4122	0.6779	0.5757	0.2254	0.0341	0.6074	0.2819	0.3913	0.3258	0.2609	0.8814	0.2481	0.9185	0.7291	0.1861	0.6229	0.6988	14
1	0.8784	0.2363	0.7766	0.2412	0.8043	0.5922	0.4946	0.0245	0.0009	0.2912	0.0840	0.0937	0.9137	0.7046	0.6029	0.4414	0.3531	0.1092	0.4105	0.0083	0.9369	0.1958	0.7528	0.9983	0.5213	w
1	0.5517	0.9337	0.0493	0.8814	0.2149	0.7606	0.1814	0.5558	0.9221	0.7402	0.4787	0.1756	0.1332	0.9653	0.5918	0.9274	0.2665	0.9093	0.9653	0.7076	0.2895	0.8410	0.3312	0.7609	0.9714	
2	0.7535	0.0642	0.8035	0.1969	0.4357	0.4440	0.1549	0.1116	0.2809	0.9429	0.2943	0.2206	0.2560	0.9369	0.9447	0.6034	0.8892	0.8290	0.2960	0.3869	0.0472	0.7090	0.9554	0.8766	0.4126	0.000921
2	0.8818	0.6147	0.4378	0.6219	0.2670	0.1581	0.2631	0.7452	0.3268	0.8538	0.0496	0.5757	0.8027	0.4024	0.1527	0.6779	0.3800	0.1436	0.6707	0.2091	0.5215	0.7757	0.2692	0.8140	0.9125	0.000954
1	0.7770	0.3425	0.1982	0.6474	0.5568	0.3927	0.8873	0.2002	0.4536	0.0766	0.2989	0.6182	0.2307	0.3532	0.6649	0.2742	0.0720	0.8507	0.4910	0.5298	0.1850	0.7177	0.9245	0.5647	0.3453	wt
2	0.5386	0.5161	0.8017	0.4466	0.8401	0.8091	0.8353	0.8211	0.9364	0.8926	0.3400	0.8500	0.5978	0.3504	0.6715	0.5295	0.9258	0.4863	0.5361	0.2859	0.0797	0.2358	0.6660	0.1832	0.4546	0.000303
3	0.8120	0.8962	0.5722	0.0054	0.9218	0.9584	0.8170	0.6060	0.9032	0.4811	0.9900	0.0548	0.2085	0.4658	0.4050	0.7673	0.1353	0.4380	0.1822	0.5162	0.5722	0.4428	0.0389	0.0247	0.2456	5
2	0.6298	0.7633	0.5756	0.5010	0.2882	0.3176	0.5455	0.7184	0.2922	0.6261	0.0255	0.1372	0.9305	0.6137	0.9525	0.2396	0.0786	0.5298	0.3726	0.3075	0.9279	0.9652	0.1134	0.0988	0.2690	0.000831
1	0.6797	0.5798	0.8463	0.6888	0.6452	0.3734	0.9611	0.1681	0.5695	0.3290	0.7779	0.9452	0.5385	0.8489	0.2829	0.9089	0.3424	0.4078	0.5353	0.8113	0.3408	0.3010	0.6844	0.1426	0.7544	
1	0.0072	0.2548	0.5105	0.4861	0.7964	0.8099	0.0846	0.2922	0.1096	0.6767	0.0499	0.4566	0.1110	0.7596	0.9755	0.2929	0.8533	0.6860	0.8051	0.4826	0.7187	0.9378	0.7861	0.0125	0.8057	qh
1	0.0875	0.8874	0.6209	0.8101	0.9176	0.3177	0.0511	0.7185	0.9270	0.0008	0.1174	0.2990	0.6287	0.3072	0.0945	0.7415	0.2344	0.2236	0.1491	0.2976	0.1646	0.8760	0.8381	0.9513	0.1922	fr
1	0.2835	0.9761	0.5931	0.0511	0.5202	0.2061	0.9337	0.6556	0.7684	0.2125	0.3290	0.3333	0.1660	0.1740	0.3716	0.2560	0.6072	0.6066	0.8690	0.2640	0.1470	0.7916	0.2920	0.6259	0.8232	rv
3	0.6753	0.9143	0.4139	0.8097	0.9545	0.3235	0.3437	0.0635	0.2288	0.2091	0.8725	0.6465	0.1849	0.2712	0.1222	0.9433	0.2759	0.0214	0.7352	0.5847	0.2905	0.6347	0.3659	0.2370	0.7744	41
3	0.1493	0.5872	0.7247	0.8069	0.8308	0.6418	0.3864	0.7803	0.8804	0.5329	0.8081	0.5873	0.7884	0.8174	0.0738	0.2328	0.6594	0.1667	0.8203	0.6782	0.6590	0.1736	0.9767	0.2702	0.6636	32
2	0.1834	0.5359	0.7585	0.5173	0.4351	0.6086	0.8384	0.9577	0.0705	0.3757	0.9761	0.1236	0.5716	0.5309	0.2417	0.7710	0.5226	0.5270	0.5376	0.9411	0.6176	0.1761	0.4671	0.3753	0.9073	0.000971
2	0.1507	0.5375	0.6945	0.1148	0.3729	0.9165	0.5481	0.3210	0.4528	0.4556	0.0002	0.5287	0.4671	0.0632	0.8338	0.9756	0.6747	0.3861	0.1397	0.5248	0.0342	0.3293	0.2477	0.7684	0.0787	0.000949
2	0.6491	0.4704	0.0216	0.7834	0.0974	0.7795	0.6730	0.6202	0.7715	0.0394	0.3242	0.4787	0.1145	0.6991	0.7165	0.5765	0.3129	0.2354	0.0061	0.8213	0.4671	0.1836	0.2819	0.8815	0.6806	0.000887
1	0.2908	0.9266	0.6689	0.8676	0.4031	0.0338	0.0139	0.7080	0.7943	0.1929	0.6410	0.1617	0.3955	0.4902	0.8154	0.8764	0.8896	0.1077	0.7605	0.7574	0.2231	0.8885	0.9541	0.6563	0.8136	s
1	0.2633	0.3709	0.8776	0.2855	0.3551	0.0540	0.1869	0.5319	0.4325	0.2898	0.7347	0.6915	0.4543	0.9566	0.7511	0.7248	0.8332	0.6027	0.5888	0.0576	0.1491	0.9564	0.9251	0.2422	0.2232	
2	0.8533	0.4683	0.5280	0.7501	0.0216	0.9517	0.3847	0.5429	0.3418	0.2307	0.5301	0.5930	0.5794	0.8785	0.4577	0.9111	0.3530	0.8209	0.8822	0.0250	0.8421	0.1760	0.1409	0.1351	0.4294	0.000007
3	0.0397	0.2682	0.8858	0.0370	0.1744	0.2178	0.0118	0.9288	0.6426	0.3449	0.8469	0.4453	0.1101	0.2050	0.7606	0.5129	0.7353	0.0776	0.7252	0.3692	0.6575	0.2102	0.4184	0.5542	0.2318	6
3	0.2968	0.8322	0.9474	0.2054	0.3325	0.6460	0.5802	0.9706	0.2737	0.4251	0.7210	0.3505	0.4786	0.8333	0.1847	0.2247	0.4488	0.2378	0.2913	0.1152	0.2889	0.9133	0.4562	0.9357	0.1476	11
3	0.7128	0.9683	0.2098	0.4573	0.0771	0.2788	0.5131	0.2834	0.2409	0.0970	0.1489	0.9051	0.9955	0.0433	0.5182	0.1835	0.9261	0.6698	0.7707	0.1218	0.7568	0.7328	0.3896	0.7545	0.5345	2
3	0.5154	0.6102	0.3303	0.1262	0.3721	0.7114	0.5387	0.6197	0.1809	0.6461	0.2795	0.0492	0.8675	0.1313	0.4860	0.7108	0.5225	0.0324	0.3869	0.8939	0.7464	0.4427	0.7216	0.0565	0.5158	13
1	0.4216	0.2545	0.4133	0.2132	0.4420	0.3808	0.4485	0.8079	0.2226	0.1498	0.9158	0.2980	0.3055	0.9159	0.5777	0.1842	0.7101	0.2812	0.5168	0.5024	0.8762	0.1342	0.6549	0.4927	0.6238	
2	0.8413	0.2661	0.2165	0.0048	0.1847	0.2691	0.4233	0.3468	0.0213	0.7909	0.7794	0.6185	0.5837	0.4030	0.7311	0.3881	0.2914	0.2768	0.4121	0.1850	0.4557	0.0466	0.2334	0.7678	0.9071	0.000223
2	0.1843	0.4163	0.6718	0.0884	0.5282	0.1466	0.3475	0.4427	0.3120	0.1046	0.8229	0.9166	0.6547	0.1952	0.9763	0.8613	0.0638	0.8806	0.4038	0.0992	0.4003	0.5005	0.2055	0.4732	0.8513	0.000634
3	0.3989	0.3353	0.2587	0.3757	0.2939	0.0504	0.9985	0.9525	0.8263	0.1340	0.3455	0.6967	0.7958	0.7322	0.8233	0.9463	0.1219	0.6039	0.8957	0.0295	0.6757	0.2674	0.1482	0.1325	0.6738	34
3	0.6295	0.7091	0.8610	0.8418	0.8836	0.7891	0.2777	0.4649	0.1164	0.6601	0.4070	0.7065	0.3901	0.1339	0.1999	0.5415	0.8368	0.9236	0.4189	0.0734	0.7135	0.3800	0.7970	0.2178	0.0102	2
1	0.6377	0.6692	0.7967	0.3946	0.3171	0.1687	0.2737	0.4537	0.9766	0.6307	0.8600	0.5270	0.9502	0.5314	0.6079	0.4989	0.3160	0.5632	0.0141	0.6587	0.7226	0.6711	0.3703	0.3240	0.7892	b
2	0.4462	0.7436	0.6227	0.3067	0.5493	0.3953	0.4876	0.2782	0.5210	0.0083	0.8988	0.8489	0.8981	0.7221	0.2379	0.1898	0.5269	0.1454	0.3970	0.6052	0.2455	0.5341	0.1826	0.8804	0.8874	0.000918
1	0.2235	0.3464	0.6834	0.5564	0.6808	0.4482	0.6266	0.2101	0.7950	0.8283	0.1766	0.8555	0.0246	0.8464	0.8736	0.2810	0.2919	0.7143	0.9984	0.4145	0.9357	0.7306	0.7613	0.0562	0.1112	
3	0.2555	0.8243	0.0925	0.2381	0.6378	0.5145	0.8596	0.1393	0.1665	0.2611	0.6922	0.0131	0.0033	0.0124	0.3199	0.5355	0.0311	0.9850	0.2827	0.1960	0.1974	0.1306	0.4858	0.9218	0.5407	35
3	0.2912	0.7921	0.8612	0.9902	0.5600	0.1503	0.9112	0.9333	0.7511	0.5547	0.6165	0.5508	0.0302	0.3578	0.5196	0.7406	0.4528	0.3112	0.2935	0.9804	0.0775	0.1691	0.6184	0.1979	0.1665	42
1	0.1797	0.2725	0.5313	0.0186	0.8488	0.0797	0.9419	0.0942	0.3818	0.6699	0.7200	0.8854	0.8373	0.2486	0.0446	0.3037	0.5647	0.4484	0.6128	0.4956	0.9186	0.3882	0.9516	0.5504	0.6215	
2	0.5964	0.1520	0.5062	0.1320	0.2805	0.3013	0.7209	0.5818	0.7264	0.4562	0.7793	0.3770	0.3437	0.8168	0.1834	0.5846	0.3706	0.2231	0.1078	0.7341	0.5756	0.7792	0.9053	0.1313	0.3691	0.000961
2	0.9525	0.7073	0.4742	0.5874	0.1498	0.2694	0.5074	0.8659	0.9666	0.8982	0.7017	0.4227	0.7511	0.1665	0.4267	0.9081	0.4785	0.5427	0.3693	0.3135	0.4660	0.7554	0.7933	0.6011	0.0324	0.000662
3	0.2505	0.0955	0.8768	0.3528	0.5393	0.7437	0.1970	0.0847	0.4471	0.0516	0.6170	0.9541	0.0198	0.7742	0.7531	0.6170	0.3911	0.3778	0.1652	0.5914	0.3680	0.4919	0.4759	0.5671	0.9465	4
1	0.6281	0.5796	0.7490	0.9040	0.5227	0.8804	0.5692	0.9109	0.1164	0.2425	0.7857	0.5233	0.0334	0.3286	0.9384	0.6889	0.6408	0.1366	0.6767	0.1551	0.8077	0.9224	0.7592	0.3254	0.5783	
1	0.3881	0.8310	0.4227	0.0915	0.1316	0.0589	0.1976	0.3823	0.4769	0.9346	0.1117	0.4986	0.1920	0.2558	0.6907	0.8666	0.2546	0.2407	0.6450	0.2379	0.6310	0.8153	0.1271	0.4526	0.9817	g
3	0.3173	0.1515	0.5044	0.4595	0.1653	0.2687	0.0267	0.6033	0.2964	0.3667	0.5033	0.5933	0.8869	0.2368	0.9620	0.2619	0.9973	0.8211	0.6183	0.3910	0.6775	0.7077	0.0797	0.9143	0.2467	37
1	0.9012	0.9614	0.6443	0.6342	0.5339	0.7079	0.3870	0.3536	0.8580	0.4613	0.8989	0.0332	0.9401	0.9196	0.3300	0.3352	0.1983	0.0530	0.4260	0.3534	0.8666	0.3044	0.1851	0.8848	0.7440	x
1	0.4826	0.9763	0.9634	0.0528	0.0312	0.9112	0.7673	0.9578	0.7527	0.1151	0.6553	0.6855	0.5333	0.6222	0.5484	0.7536	0.2303	0.6215	0.2374	0.9172	0.2359	0.4375	0.3522	0.4573	0.8769	
1	0.1454	0.8414	0.1288	0.6596	0.7252	0.5330	0.6174	0.9884	0.7979	0.9848	0.2005	0.4659	0.4800	0.5776	0.6845	0.5485	0.0345	0.0522	0.4756	0.4486	0.8765	0.7071	0.1100	0.1430	0.1908	atu
1	0.0216	0.4392	0.9713	0.4120	0.2778	0.8260	0.2431	0.6780	0.9810	0.1416	0.4727	0.1494	0.5876	0.9667	0.8074	0.0257	0.4459	0.8737	0.7624	0.6596	0.9788	0.8068	0.1002	0.4911	0.7017	xosp
3	0.9124	0.7495	0.3977	0.9962	0.3396	0.8463	0.4232	0.0334	0.7950	0.6171	0.4243	0.9909	0.4607	0.8068	0.1178	0.0595	0.5765	0.6194	0.3397	0.2068	0.4764	0.5848	0.2185	0.9057	0.7684	17
2	0.4078	0.5842	0.3789	0.9659	0.2332	0.4413	0.2726	0.9401	0.6156	0.9575	0.0950	0.5161	0.9436	0.9616	0.7461	0.9738	0.9651	0.5575	0.2804	0.6007	0.6744	0.4623	0.3151	0.1262	0.8835	0.000644
2	0.4049	0.0678	0.0956	0.5164	0.5005	0.6166	0.6947	0.5077	0.5134	0.0329	0.7449	0.8914	0.5653	0.2772	0.9819	0.7720	0.4821	0.7338	0.0237	0.3397	0.3374	0.7880	0.6466	0.1592	0.7121	0.000636
1	0.7998	0.3056	0.7516	0.2682	0.0870	0.9001	0.6006	0.6786	0.1426	0.7128	0.4490	0.7351	0.5645	0.2420	0.1530	0.9491	0.5822	0.5239	0.3309	0.3741	0.4790	0.5355	0.3871	0.3173	0.8446	z
1	0.7402	0.9844	0.5097	0.5974	0.1758	0.6982	0.8507	0.1312	0.7192	0.2140	0.0143	0.9536	0.8236	0.4150	0.6343	0.8519	0.5228	0.2734	0.4428	0.1947	0.0668	0.0013	0.2859	0.1739	0.7481	j
2	0.2273	0.5637	0.7267	0.6423	0.0387	0.4692	0.7877	0.6863	0.4947	0.2203	0.4338	0.7386	0.3710	0.0649	0.2531	0.2617	0.9868	0.6861	0.3828	0.9568	0.3147	0.4364	0.8585	0.1535	0.2384	0.000814
2	0.5173	0.2448	0.7551	0.2530	0.4837	0.0330	0.6881	0.1224	0.5093	0.0864	0.5941	0.6981	0.1812	0.9287	0.3139	0.8014	0.6236	0.5858	0.0952	0.5940	0.5254	0.4144	0.9599	0.7751	0.9971	0.000249
2	0.5500	0.6113	0.1246	0.0169	0.0359	0.5080	0.4523	0.0939	0.0941	0.3650	0.3947	0.8741	0.9574	0.9964	0.7616	0.3281	0.7148	0.6343	0.5621	0.8932	0.1986	0.7979	0.2385	0.3813	0.3331	0.000666
3	0.4910	0.8173	0.8599	0.9766	0.4375	0.1467	0.1190	0.3973	0.7484	0.7531	0.2712	0.1647	0.1233	0.6376	0.7186	0.2477	0.2195	0.9588	0.9295	0.3385	0.7108	0.6792	0.6646	0.3753	0.8484	21
3	0.2349	0.6091	0.8134	0.3727	0.4642	0.1746	0.0051	0.0116	0.1122	0.6302	0.6771	0.6597	0.0207	0.0192	0.7768	0.1630	0.5004	0.6008	0.7740	0.1399	0.5607	0.4709	0.0285	0.8648	0.5478	37
1	0.4095	0.3028	0.3984	0.2960	0.4482	0.8173	0.6930	0.4946	0.3628	0.2184	0.8044	0.4878	0.7478	0.8172	0.3353	0.0822	0.4344	0.7822	0.4570	0.6531	0.8692	0.9955	0.2172	0.6564	0.6226	
2	0.7515	0.0243	0.4724	0.8157	0.3537	0.8625	0.7311	0.6194	0.4949	0.9306	0.0234	0.8143	0.4050	0.2917	0.6823	0.9147	0.9147	0.7884	0.2631	0.2182	0.7099	0.6614	0.8643	0.4905	0.0426	0.000965
3	0.5623	0.4247	0.9628	0.7201	0.9293	0.1228	0.7008	0.4272	0.7861	0.2559	0.4735	0.6249	0.1089	0.9533	0.8169	0.9078	0.3659	0.4548	0.2436	0.0332	0.0272	0.7148	0.9352	0.4337	0.6192	39
1	0.8471	0.7085	0.7574	0.2860	0.3215	0.0297	0.4722	0.4257	0.2544	0.7129	0.5313	0.5820	0.6083	0.1637	0.8629	0.3781	0.5067	0.3042	0.1813	0.4147	0.0883	0.4989	0.4369	0.8429	0.0446	
3	0.1339	0.9150	0.1316	0.5252	0.9039	0.5889	0.8415	0.4366	0.1117	0.3442	0.8328	0.4997	0.5177	0.9883	0.5009	0.7659	0.3638	0.8907	0.9348	0.4037	0.7332	0.0989	0.8555	0.9505	0.7384	19
3	0.9131	0.2968	0.6891	0.7267	0.9281	0.3479	0.1626	0.7372	0.6105	0.9448	0.3592	0.1108	0.5598	0.5227	0.4332	0.1963	0.4623	0.7367	0.6814	0.2472	0.6315	0.1970	0.4782	0.1111	0.3616	14
1	0.0467	0.9270	0.2129	0.8410	0.1814	0.8408	0.4490	0.5478	0.7359	0.6765	0.2914	0.8078	0.0201	0.0823	0.0182	0.1905	0.6158	0.1002	0.6011	0.3121	0.3772	0.7302	0.3856	0.2002	0.2969	npro
3	0.0442	0.9440	0.0335	0.9317	0.8799	0.5301	0.2888	0.0390	0.8003	0.3136	0.3246	0.7595	0.4440	0.3214	0.5621	0.0887	0.8196	0.5674	0.6002	0.4758	0.4945	0.3053	0.9481	0.6246	0.3948	39
3	0.6102	0.8458	0.0467	0.1980	0.8232	0.2625	0.8616	0.6619	0.0132	0.2035	0.7454	0.5817	0.0197	0.1387	0.2651	0.6654	0.6629	0.3670	0.8073	0.7479	0.7510	0.7358	0.6028	0.0083	0.6708	39
1	0.6272	0.1789	0.7992	0.5743	0.2392	0.3795	0.5255	0.2593	0.5543	0.3286	0.6917	0.6227	0.0024	0.8943	0.9100	0.6075	0.2721	0.6636	0.3081	0.9378	0.4483	0.0151	0.0425	0.7610	0.7980	
2	0.3375	0.9117	0.2814	0.1030	0.7934	0.0145	0.4164	0.1695	0.5613	0.2584	0.0230	0.4727	0.5907	0.7658	0.9710	0.3241	0.4600	0.4673	0.7036	0.3042	0.2414	0.8078	0.5534	0.5810	0.0071	0.000873
1	0.0004	0.7860	0.8023	0.6544	0.1309	0.1578	0.8279	0.4538	0.6968	0.7599	0.9407	0.1080	0.2415	0.0075	0.3333	0.6566	0.1958	0.4689	0.8639	0.4306	0.7161	0.1012	0.3606	0.4210	0.9951	dplp
3	0.1860	0.5193	0.7041	0.6231	0.5367	0.7915	0.1914	0.9488	0.7331	0.5700	0.5999	0.5956	0.0255	0.9976	0.5362	0.4780	0.3439	0.1356	0.9111	0.7169	0.3589	0.4238	0.3088	0.6365	0.5094	34
1	0.5854	0.8560	0.7602	0.1033	0.0149	0.6306	0.4764	0.6461	0.5346	0.7514	0.3179	0.6331	0.8336	0.9341	0.1672	0.2845	0.8600	0.2237	0.3304	0.7004	0.4401	0.1566	0.5496	0.2624	0.3196	ktzy
3	0.7293	0.9774	0.6707	0.2814	0.1885	0.3738	0.1787	0.1860	0.9901	0.3248	0.5808	0.7361	0.4889	0.2441	0.3710	0.4823	0.4902	0.0418	0.4946	0.3283	0.8075	0.2677	0.8197	0.9241	0.3359	18
3	0.3932	0.1175	0.6789	0.9599	0.4141	0.3285	0.9261	0.2135	0.7264	0.9668	0.4863	0.5329	0.1439	0.8873	0.7005	0.3497	0.5617	0.1716	0.5297	0.3815	0.4437	0.1661	0.7041	0.1529	0.7351	27
3	0.3704	0.6229	0.5582	0.0005	0.0245	0.4474	0.9623	0.8655	0.7481	0.2132	0.5507	0.1507	0.1837	0.5348	0.1711	0.1916	0.0626	0.9098	0.7634	0.4981	0.4019	0.7766	0.4005	0.7450	0.4398	9
2	0.8456	0.5582	0.9563	0.7606	0.6032	0.8137	0.2666	0.2884	0.4344	0.6304	0.5465	0.1773	0.5960	0.1251	0.0691	0.1100	0.6414	0.6558	0.8317	0.4395	0.7811	0.1545	0.0356	0.0911	0.0663	0.000286
2	0.6064	0.2502	0.6636	0.3237	0.4841	0.8547	0.6534	0.9055	0.8261	0.9815	0.3693	0.2686	0.8565	0.7349	0.1156	0.2227	0.3718	0.3563	0.0402	0.5564	0.1056	0.3456	0.7640	0.6260	0.6504	0.000179
2	0.3996	0.7389	0.0353	0.5501	0.4320	0.7527	0.5720	0.0535	0.6792	0.8033	0.0474	0.1652	0.7924	0.2849	0.7086	0.0301	0.8792	0.4287	0.3425	0.7671	0.4453	0.7281	0.1398	0.4968	0.4938	0.000454
1	0.6343	0.8348	0.1834	0.4250	0.6089	0.9347	0.0158	0.1410	0.0548	0.7406	0.0729	0.1249	0.4149	0.9688	0.3017	0.1341	0.6761	0.7225	0.7658	0.1331	0.8021	0.7188	0.9992	0.7534	0.9348	
3	0.1302	0.1069	0.1679	0.1468	0.0176	0.9597	0.2335	0.5330	0.9690	0.8422	0.6812	0.4477	0.8975	0.5419	0.5214	0.2642	0.7047	0.3622	0.5655	0.6636	0.2589	0.3801	0.9015	0.8447	0.8248	24
3	0.1742	0.2593	0.1842	0.7732	0.8236	0.3513	0.2036	0.4563	0.2832	0.3900	0.6994	0.9884	0.4450	0.8472	0.6035	0.9830	0.8590	0.0225	0.3964	0.7670	0.8703	0.2206	0.8632	0.2446	0.0280	47
3	0.7807	0.5308	0.2013	0.7738	0.0800	0.3047	0.5381	0.8964	0.2721	0.0559	0.9038	0.1551	0.4756	0.0153	0.8959	0.8777	0.9512	0.5567	0.9851	0.9603	0.6589	0.2367	0.1899	0.7079	0.2471	48
2	0.3683	0.9744	0.2062	0.9745	0.8620	0.0155	0.2987	0.9702	0.0330	0.4912	0.5975	0.0479	0.2768	0.2063	0.4448	0.2618	0.1084	0.8532	0.0574	0.2766	0.5489	0.7750	0.9004	0.1025	0.3790	0.000451
2	0.1526	0.9011	0.4338	0.8169	0.5445	0.4597	0.1863	0.9657	0.6754	0.3800	0.5400	0.0146	0.6573	0.9352	0.4582	0.2362	0.8744	0.5453	0.7819	0.6751	0.2433	0.1359	0.7126	0.7249	0.8082	0.000695
2	0.1612	0.5769	0.7858	0.9081	0.2260	0.9515	0.8165	0.3587	0.1183	0.9983	0.9121	0.6094	0.2689	0.5175	0.5402	0.3086	0.6973	0.3298	0.9498	0.4232	0.4010	0.2809	0.2931	0.9937	0.6574	0.000153
1	0.9117	0.7060	0.0540	0.6535	0.9629	0.2960	0.0883	0.7452	0.3546	0.6247	0.3003	0.3650	0.9206	0.3862	0.9819	0.3063	0.1182	0.2445	0.9805	0.5219	0.2454	0.6021	0.0484	0.4044	0.0031	jr
3	0.4450	0.3634	0.1585	0.6691	0.4455	0.7030	0.4308	0.9843	0.2098	0.4899	0.1223	0.1425	0.4359	0.1117	0.4464	0.4323	0.9316	0.2628	0.5231	0.0904	0.8672	0.7041	0.2295	0.4105	0.2588	8
1	0.7407	0.1343	0.4615	0.9055	0.9011	0.5598	0.7631	0.9766	0.0330	0.7004	0.1852	0.7239	0.7502	0.6487	0.5587	0.6102	0.7627	0.9383	0.1469	0.1193	0.1087	0.1732	0.1185	0.9910	0.1619	r
2	0.5201	0.2446	0.3284	0.6867	0.1497	0.1030	0.4754	0.8269	0.4612	0.7604	0.3547	0.6577	0.3319	0.0000	0.8515	0.2924	0.9715	0.6996	0.3312	0.2020	0.4106	0.0693	0.8286	0.2816	0.2337	0.000616
2	0.1298	0.6388	0.9531	0.1201	0.0797	0.5763	0.9106	0.0318	0.9237	0.3533	0.7656	0.9345	0.7729	0.1727	0.5618	0.4076	0.9121	0.9954	0.9918	0.3101	0.3843	0.6546	0.9365	0.0881	0.4271	0.000874
1	0.9461	0.9030	0.2234	0.6703	0.0735	0.5716	0.9919	0.9502	0.8433	0.5628	0.7068	0.2413	0.0568	0.4258	0.1732	0.9181	0.7949	0.1778	0.6211	0.0846	0.8705	0.3884	0.5156	0.0653	0.3933	dtgf
1	0.3448	0.3603	0.3072	0.0947	0.0329	0.6667	0.4088	0.1976	0.5930	0.2142	0.3535	0.6389	0.9289	0.1484	0.1944	0.1057	0.1626	0.6200	0.2588	0.9831	0.3196	0.3306	0.4133	0.3766	0.6800	
1	0.5925	0.8323	0.6430	0.7618	0.6535	0.7668	0.3600	0.4945	0.8095	0.8873	0.6028	0.9710	0.2426	0.4524	0.0075	0.7399	0.8069	0.4833	0.3337	0.5499	0.4217	0.9465	0.0976	0.1748	0.4967	xzh
3	0.0159	0.3724	0.6907	0.4173	0.3329	0.5712	0.2169	0.2474	0.5196	0.4832	0.3525	0.3245	0.2926	0.4402	0.2955	0.2079	0.0441	0.6833	0.6763	0.4049	0.5919	0.6588	0.5145	0.8508	0.3958	1
1	0.7281	0.6795	0.5201	0.8985	0.5430	0.7623	0.3909	0.4135	0.1323	0.4923	0.1035	0.8353	0.3020	0.8109	0.5926	0.2999	0.4054	0.1054	0.9292	0.3492	0.8913	0.7612	0.8678	0.8187	0.6708	
3	0.4709	0.4961	0.9297	0.0852	0.5571	0.1524	0.1049	0.6585	0.1231	0.6343	0.0320	0.3675	0.2463	0.1266	0.1339	0.3448	0.2157	0.8185	0.2577	0.7675	0.7822	0.0768	0.1820	0.9967	0.8757	19
2	0.9205	0.2429	0.5876	0.7099	0.2936	0.4803	0.9146	0.3593	0.6800	0.7617	0.4495	0.6868	0.4901	0.2289	0.6800	0.4298	0.4496	0.9514	0.7780	0.4711	0.4395	0.9592	0.8714	0.7764	0.5462	0.000882
2	0.7838	0.8448	0.0863	0.7818	0.0390	0.1997	0.1597	0.8047	0.0232	0.8040	0.3991	0.4375	0.5574	0.3788	0.5521	0.3846	0.1700	0.5491	0.6644	0.6418	0.1845	0.1903	0.3224	0.5789	0.1870	0.000000
1	0.0532	0.4098	0.7608	0.3755	0.3756	0.4770	0.5303	0.7255	0.6868	0.1601	0.7092	0.0357	0.7705	0.1884	0.3820	0.6510	0.4707	0.0998	0.0289	0.6915	0.6295	0.3232	0.8133	0.4169	0.7430	h
2	0.4158	0.1759	0.7956	0.3400	0.5795	0.2364	0.8745	0.5711	0.4478	0.0847	0.3832	0.1908	0.7243	0.9432	0.7984	0.9606	0.1782	0.7050	0.2559	0.1966	0.0268	0.7338	0.9204	0.5736	0.0546	0.000436
2	0.3106	0.1744	0.4747	0.3529	0.6506	0.7012	0.0677	0.0737	0.9254	0.1104	0.6031	0.6839	0.9796	0.2492	0.7153	0.8493	0.9469	0.7174	0.9382	0.2073	0.5086	0.6676	0.5438	0.4331	0.4945	0.000268
2	0.9882	0.2306	0.7766	0.8815	0.4648	0.1070	0.1724	0.3637	0.5986	0.3083	0.5835	0.1683	0.1479	0.7230	0.0698	0.8582	0.9771	0.6881	0.6263	0.1650	0.2538	0.7643	0.7556	0.1818	0.7760	0.000774
3	0.7728	0.7942	0.9826	0.2146	0.6364	0.9264	0.1784	0.7467	0.9903	0.3311	0.5335	0.0735	0.4996	0.2052	0.5283	0.6338	0.7017	0.6394	0.1286	0.6790	0.2740	0.3699	0.8836	0.3120	0.5756	13
3	0.3472	0.0520	0.9981	0.6556	0.0411	0.7094	0.3986	0.1494	0.0067	0.6945	0.5354	0.1059	0.5995	0.9765	0.9307	0.1905	0.6560	0.1415	0.8194	0.0263	0.5774	0.1228	0.9226	0.0384	0.5004	9
2	0.7861	0.2863	0.9394	0.7816	0.2141	0.5545	0.9964	0.7567	0.1045	0.8798	0.0005	0.4880	0.3734	0.1010	0.9866	0.3481	0.6236	0.5552	0.4900	0.8235	0.5462	0.6507	0.4999	0.2576	0.2060	0.000706
1	0.7265	0.6770	0.5167	0.4026	0.3108	0.7994	0.4635	0.4766	0.5417	0.3192	0.3764	0.8007	0.7490	0.4985	0.5151	0.3751	0.6132	0.9669	0.0963	0.0522	0.1866	0.6854	0.2907	0.5257	0.4892	
3	0.5118	0.4371	0.0577	0.9264	0.1601	0.7681	0.0333	0.5344	0.3115	0.2696	0.9321	0.3390	0.4688	0.1228	0.2799	0.6749	0.4325	0.3350	0.1629	0.4423	0.6743	0.9981	0.8223	0.9291	0.1804	10
2	0.8141	0.7859	0.0492	0.3187	0.6250	0.1835	0.1540	0.3295	0.1625	0.5207	0.1401	0.8598	0.3453	0.5899	0.4526	0.0942	0.3953	0.4271	0.8463	0.0211	0.5194	0.7508	0.2650	0.8888	0.9231	0.000017
3	0.3704	0.9449	0.8757	0.4867	0.5572	0.9958	0.3119	0.4703	0.7134	0.4870	0.9784	0.7155	0.5809	0.6373	0.8299	0.9047	0.3127	0.0280	0.4208	0.6189	0.2426	0.1987	0.8880	0.9532	0.0026	41
2	0.8311	0.1997	0.9287	0.3608	0.0110	0.5011	0.7375	0.2503	0.0597	0.4655	0.8380	0.8651	0.8574	0.9297	0.5396	0.9615	0.3781	0.2209	0.9946	0.2995	0.2208	0.5755	0.5003	0.7447	0.7968	0.000370
3	0.5999	0.1766	0.2531	0.7845	0.7485	0.1322	0.9364	0.1612	0.4972	0.5609	0.2039	0.8963	0.4020	0.3160	0.0763	0.8811	0.7718	0.2631	0.3992	0.4865	0.0737	0.6879	0.8312	0.3373	0.9247	39
2	0.4238	0.6151	0.0846	0.3168	0.4301	0.0047	0.7967	0.5499	0.6675	0.1682	0.6182	0.1679	0.4730	0.1612	0.9046	0.6577	0.8192	0.6900	0.0500	0.4047	0.3098	0.2772	0.2365	0.6840	0.1432	0.000672
2	0.2669	0.6421	0.0895	0.3247	0.7322	0.9751	0.0231	0.5504	0.7630	0.2834	0.6801	0.1937	0.4768	0.8087	0.3571	0.5234	0.0894	0.4248	0.8874	0.0706	0.2051	0.8724	0.1383	0.1181	0.0647	0.000339
3	0.7719	0.0029	0.5555	0.4673	0.2564	0.2793	0.1743	0.7665	0.4639	0.1661	0.6898	0.7969	0.8567	0.5815	0.2162	0.9627	0.7731	0.6880	0.5431	0.7506	0.9656	0.5421	0.9692	0.6616	0.0827	33
2	0.8038	0.3493	0.1901	0.8870	0.9791	0.5138	0.5266	0.2856	0.8222	0.2849	0.6046	0.6894	0.9687	0.2939	0.4272	0.2920	0.9066	0.8008	0.0287	0.6089	0.6841	0.6165	0.2159	0.1030	0.6476	0.000195
3	0.3791	0.8269	0.1599	0.1572	0.3726	0.4870	0.1514	0.0365	0.9071	0.6097	0.4625	0.7408	0.6811	0.1117	0.7159	0.2546	0.6295	0.4108	0.3464	0.9125	0.9072	0.3511	0.0649	0.4102	0.3245	27
3	0.9696	0.3250	0.1512	0.6330	0.6520	0.3863	0.6787	0.7001	0.0554	0.2426	0.5767	0.9603	0.3050	0.6042	0.9912	0.7650	0.2343	0.8446	0.6250	0.7189	0.3245	0.9808	0.7330	0.5379	0.1260	18
3	0.1534	0.4779	0.1471	0.2745	0.2258	0.7162	0.6505	0.8657	0.2013	0.3328	0.6254	0.6173	0.0697	0.6166	0.7614	0.6339	0.6249	0.2230	0.1391	0.6004	0.6952	0.4843	0.9786	0.3743	0.0281	47
2	0.9592	0.1466	0.3571	0.8238	0.5422	0.8419	0.3049	0.5465	0.6264	0.0570	0.9744	0.3324	0.6649	0.0540	0.8809	0.0430	0.2095	0.1103	0.2304	0.1553	0.0014	0.9110	0.1389	0.2029	0.1754	0.000945
1	0.4992	0.0679	0.0468	0.4570	0.6482	0.4558	0.5623	0.3869	0.5726	0.8742	0.5500	0.0038	0.0490	0.0384	0.6850	0.5012	0.2633	0.4267	0.3702	0.4262	0.9556	0.8331	0.8051	0.6248	0.3178	
3	0.1734	0.1537	0.7897	0.4259	0.6580	0.4260	0.5918	0.4676	0.3436	0.8746	0.4312	0.7354	0.1212	0.9869	0.0855	0.8083	0.1108	0.0350	0.5179	0.4825	0.1309	0.5455	0.2676	0.3662	0.3681	13
1	0.8771	0.0479	0.7615	0.3198	0.9467	0.2423	0.7915	0.5828	0.9559	0.3545	0.6191	0.9060	0.0896	0.7509	0.2687	0.1268	0.2210	0.3100	0.7862	0.0993	0.7526	0.3087	0.1690	0.0442	0.9822	
3	0.4113	0.4877	0.9579	0.6125	0.0966	0.0010	0.3654	0.8013	0.7859	0.9525	0.3398	0.5848	0.4948	0.9074	0.6915	0.2075	0.2314	0.4984	0.7612	0.2216	0.3689	0.3469	0.6247	0.7234	0.7477	39
1	0.1198	0.0737	0.1068	0.3017	0.3437	0.1843	0.1947	0.5915	0.5083	0.3210	0.5894	0.7685	0.1401	0.1459	0.9686	0.3670	0.9373	0.4542	0.5956	0.1850	0.3237	0.3550	0.1566	0.2783	1.0000	x
1	0.1511	0.8289	0.0164	0.6283	0.4145	0.9168	0.6358	0.6653	0.4416	0.2191	0.0118	0.4465	0.3746	0.3510	0.1739	0.2464	0.5491	0.2026	0.1848	0.1750	0.7852	0.7904	0.6825	0.3949	0.9684	
3	0.4648	0.8310	0.9523	0.5905	0.0656	0.1015	0.2953	0.6526	0.4557	0.6128	0.4126	0.0946	0.6526	0.9844	0.5701	0.4189	0.8293	0.5132	0.8218	0.7030	0.6053	0.9895	0.2776	0.9393	0.1289	26
2	0.4355	0.6312	0.0659	0.2618	0.7478	0.9948	0.8296	0.6830	0.2774	0.1045	0.3646	0.8027	0.8659	0.8285	0.8580	0.2196	0.4579	0.6754	0.8985	0.7734	0.6256	0.6951	0.3034	0.6420	0.3317	0.000557
1	0.7806	0.0778	0.0527	0.8174	0.8348	0.8351	0.5705	0.5550	0.8406	0.2301	0.6949	0.8672	0.6614	0.9274	0.9773	0.2565	0.0476	0.3220	0.8652	0.3014	0.5810	0.3452	0.1669	0.2864	0.9017	
1	0.3357	0.7705	0.6325	0.7824	0.2498	0.5374	0.1093	0.6461	0.4527	0.3956	0.3462	0.4238	0.8613	0.9867	0.0596	0.6135	0.3350	0.0509	0.4575	0.3442	0.8426	0.1013	0.5638	0.7743	0.7562	wpo
1	0.0518	0.6324	0.5874	0.6958	0.9705	0.3723	0.9244	0.7442	0.7036	0.1489	0.2244	0.6132	0.0467	0.6674	0.4707	0.1538	0.9788	0.9455	0.9922	0.7926	0.4819	0.1374	0.6566	0.6998	0.6292	wf
3	0.3338	0.3875	0.2417	0.0503	0.5917	0.8639	0.2527	0.6138	0.6952	0.8164	0.2183	0.7144	0.9468	0.9978	0.1632	0.8551	0.3708	0.5912	0.5989	0.3874	0.6312	0.1249	0.4525	0.6496	0.7163	1
3	0.4167	0.6611	0.5896	0.4848	0.3290	0.8416	0.4929	0.6883	0.4259	0.5619	0.6069	0.9432	0.2977	0.2406	0.1150	0.8795	0.4860	0.3791	0.9902	0.3991	0.1473	0.0113	0.2880	0.1841	0.0310	26
3	0.5255	0.6845	0.6836	0.5078	0.1245	0.2388	0.1953	0.9457	0.9266	0.7217	0.3054	0.9420	0.0946	0.0582	0.3401	0.8728	0.6947	0.6256	0.2011	0.4325	0.4444	0.8609	0.2434	0.0678	0.1196	8
3	0.9815	0.0873	0.2063	0.3613	0.3120	0.2408	0.6244	0.9885	0.5806	0.3795	0.4507	0.7077	0.5956	0.9270	0.6379	0.7234	0.1454	0.9330	0.9190	0.9302	0.2116	0.2419	0.8579	0.9765	0.5845	39
2	0.7867	0.0493	0.6499	0.9725	0.2723	0.5131	0.5517	0.8907	0.4696	0.9722	0.8883	0.5938	0.8650	0.6991	0.1564	0.7693	0.4767	0.4603	0.2055	0.1477	0.6127	0.4028	0.2682	0.9552	0.8376	0.000200
2	0.2249	0.9512	0.6673	0.1301	0.0118	0.7772	0.0872	0.7850	0.2093	0.6060	0.4152	0.6416	0.4547	0.9178	0.7731	0.1560	0.5264	0.5138	0.2940	0.7127	0.0035	0.0839	0.8590	0.8785	0.2703	0.000141
2	0.1514	0.2101	0.1940	0.5750	0.2177	0.9559	0.0881	0.4775	0.0042	0.5681	0.9364	0.8607	0.3239	0.5785	0.8312	0.9336	0.5014	0.9180	0.3404	0.8043	0.5575	0.9979	0.4355	0.0374	0.9755	0.000975
1	0.0561	0.9137	0.6581	0.7130	0.7545	0.7825	0.7750	0.6208	0.0515	0.5303	0.3356	0.6174	0.1241	0.8081	0.8979	0.5329	0.5076	0.4151	0.2704	0.0019	0.7692	0.2942	0.0419	0.2465	0.4646	ww
3	0.1713	0.3874	0.1281	0.9172	0.3815	0.7553	0.5714	0.9275	0.1694	0.2414	0.2558	0.5413	0.9225	0.5382	0.9171	0.5454	0.9433	0.0356	0.0428	0.0537	0.0290	0.7503	0.4144	0.0162	0.9137	26
2	0.5909	0.0350	0.1101	0.7893	0.3652	0.7055	0.8877	0.9546	0.7490	0.9863	0.2462	0.6645	0.4590	0.1878	0.9688	0.7168	0.8703	0.0680	0.4320	0.2077	0.4190	0.4964	0.9095	0.1705	0.5634	0.000954
3	0.1913	0.8687	0.6503	0.5190	0.1573	0.1616	0.7119	0.6478	0.7193	0.0366	0.6506	0.0803	0.1709	0.3460	0.8677	0.1703	0.1575	0.2537	0.5956	0.5128	0.8885	0.6731	0.4222	0.4685	0.0551	39
3	0.9143	0.3508	0.8565	0.9745	0.1874	0.1424	0.1771	0.5883	0.7847	0.5685	0.0545	0.9698	0.0294	0.9576	0.6657	0.1686	0.4963	0.4184	0.9085	0.3454	0.5460	0.0439	0.8550	0.1009	0.4273	6
2	0.5034	0.6343	0.0470	0.1624	0.9478	0.7853	0.3347	0.9171	0.2995	0.3777	0.9651	0.1965	0.7490	0.8433	0.0290	0.1463	0.7632	0.3233	0.5958	0.5683	0.3664	0.1889	0.8495	0.2803	0.6319	0.000056
1	0.3626	0.7453	0.5773	0.3657	0.7321	0.7189	0.9573	0.8436	0.5020	0.0096	0.0661	0.6981	0.8418	0.8201	0.9694	0.7874	0.7985	0.4647	0.5410	0.6740	0.1615	0.6224	0.9553	0.9534	0.3360	
3	0.4501	0.3539	0.5335	0.6024	0.1716	0.6064	0.9400	0.1281	0.3502	0.6142	0.5505	0.8647	0.5810	0.6368	0.4728	0.0402	0.8724	0.9827	0.6893	0.8433	0.5936	0.4989	0.3896	0.6037	0.7177	29
2	0.1984	0.3834	0.4034	0.5709	0.0924	0.5357	0.8779	0.2217	0.0721	0.5319	0.2435	0.3734	0.3891	0.4977	0.1900	0.2784	0.7428	0.8038	0.2567	0.3807	0.5637	0.1271	0.5245	0.0142	0.5068	0.000912
3	0.2330	0.2460	0.2691	0.6734	0.5491	0.8761	0.9901	0.4117	0.5502	0.8199	0.9916	0.1367	0.5663	0.2251	0.1707	0.1729	0.1675	0.5352	0.4850	0.0033	0.1178	0.5088	0.3444	0.4632	0.6980	10
3	0.9259	0.8225	0.0071	0.2516	0.2270	0.8773	0.9610	0.8546	0.1957	0.3542	0.3536	0.2280	0.6736	0.7976	0.8498	0.6669	0.0438	0.0234	0.9858	0.4144	0.2495	0.6826	0.3904	0.7936	0.7218	46
1	0.2839	0.2694	0.3964	0.2356	0.6123	0.1787	0.6515	0.0610	0.0323	0.3006	0.2306	0.6135	0.9445	0.9157	0.5500	0.2746	0.6570	0.8282	0.6207	0.4324	0.6723	0.2768	0.9287	0.4214	0.6926	
1	0.1739	0.4620	0.9363	0.2668	0.5616	0.4719	0.5971	0.0525	0.9445	0.1143	0.4931	0.6618	0.2880	0.9045	0.3691	0.2413	0.1987	0.9379	0.0596	0.3433	0.4672	0.6858	0.1239	0.0635	0.1213	dba
2	0.0528	0.0627	0.6540	0.9451	0.7651	0.0830	0.3710	0.4623	0.6636	0.0650	0.3397	0.2965	0.0000	0.9860	0.9572	0.3613	0.3006	0.4036	0.8248	0.6674	0.0853	0.3337	0.5050	0.7020	0.1019	0.000872
2	0.7747	0.4861	0.4381	0.7543	0.3686	0.2214	0.8439	0.3228	0.2661	0.2637	0.5203	0.9598	0.5207	0.5402	0.2636	0.8661	0.3850	0.5264	0.2568	0.6357	0.6997	0.0652	0.6742	0.4754	0.6905	0.000676
2	0.3008	0.1906	0.0835	0.2378	0.9024	0.3652	0.4588	0.8001	0.2164	0.4920	0.8022	0.1153	0.6595	0.7583	0.6539	0.8867	0.4092	0.2581	0.6415	0.7157	0.9222	0.4152	0.2998	0.8326	0.2215	0.000532
3	0.2491	0.2463	0.6568	0.6360	0.2495	0.4861	0.1060	0.4450	0.0129	0.8169	0.6208	0.7364	0.0977	0.7603	0.9858	0.3401	0.7115	0.0459	0.6378	0.5864	0.0397	0.1362	0.9330	0.9460	0.5196	6
2	0.7772	0.3270	0.4243	0.7943	0.6631	0.4335	0.4454	0.6845	0.1511	0.3759	0.0490	0.8339	0.2008	0.4509	0.6934	0.8272	0.8219	0.3223	0.4679	0.2494	0.3840	0.8081	0.4578	0.4082	0.8009	0.000257
1	0.7928	0.1235	0.2558	0.1545	0.2131	0.5757	0.5143	0.4555	0.4536	0.3733	0.3498	0.1049	0.9367	0.1384	0.1146	0.4461	0.2705	0.0293	0.2476	0.7710	0.7701	0.5427	0.9871	0.4498	0.9447	h
3	0.0504	0.8150	0.8906	0.0324	0.9453	0.4634	0.1583	0.5598	0.1961	0.6917	0.2755	0.7370	0.3132	0.3615	0.2057	0.1692	0.9135	0.1904	0.4657	0.3228	0.0299	0.9280	0.1593	0.0743	0.2835	37
1	0.4199	0.8116	0.7321	0.2930	0.7760	0.2241	0.9098	0.6328	0.3870	0.8573	0.3880	0.9566	0.6699	0.3752	0.7592	0.2893	0.6719	0.5523	0.2206	0.4722	0.0859	0.0848	0.3545	0.9380	0.6423	y
2	0.0178	0.8848	0.5257	0.8035	0.2004	0.2570	0.9404	0.9399	0.0116	0.5224	0.0696	0.8414	0.1618	0.5411	0.3554	0.0194	0.7176	0.8004	0.4440	0.7987	0.6243	0.9247	0.5748	0.4898	0.9476	0.000323
3	0.2198	0.1520	0.2484	0.1235	0.1870	0.0812	0.1129	0.7084	0.0657	0.6057	0.7033	0.4483	0.9041	0.4905	0.2684	0.9366	0.7303	0.8987	0.0097	0.8688	0.0817	0.3602	0.3148	0.5861	0.2527	19
1	0.0921	0.6931	0.8366	0.4690	0.3643	0.2723	0.3500	0.6423	0.3488	0.1523	0.5274	0.9529	0.4128	0.6786	0.5868	0.0897	0.7770	0.7031	0.4089	0.7844	0.2091	0.5326	0.2616	0.2778	0.6532	
1	0.7855	0.0375	0.6550	0.7666	0.7737	0.7755	0.3420	0.6120	0.8188	0.3073	0.7497	0.7031	0.5028	0.7681	0.8262	0.1730	0.8308	0.0371	0.6598	0.7703	0.8867	0.3943	0.9160	0.2711	0.8125	
2	0.4771	0.7579	0.3083	0.7430	0.4762	0.9578	0.7150	0.4261	0.4416	0.6900	0.7538	0.9136	0.0144	0.3997	0.0876	0.8148	0.0474	0.6763	0.1064	0.3144	0.0217	0.7213	0.1815	0.7078	0.8617	0.000822
2	0.3004	0.6271	0.7563	0.6531	0.0494	0.4573	0.9413	0.5718	0.3469	0.1384	0.5058	0.8136	0.2306	0.3386	0.7956	0.9168	0.7879	0.8367	0.6422	0.6788	0.6332	0.8151	0.7170	0.2913	0.6025	0.000080
1	0.8870	0.4086	0.9225	0.8990	0.8653	0.7384	0.1528	0.3222	0.5736	0.8020	0.9479	0.6128	0.5442	0.0700	0.1061	0.9769	0.7835	0.1008	0.0136	0.8285	0.8140	0.6954	0.3703	0.8620	0.4121	
1	0.5971	0.1922	0.0052	0.1616	0.2382	0.0828	0.7171	0.7462	0.4660	0.1088	0.3202	0.6645	0.5804	0.4923	0.5042	0.9177	0.1206	0.0014	0.6522	0.7627	0.9121	0.6249	0.1623	0.1693	0.9698	
3	0.9695	0.3624	0.4638	0.8504	0.5659	0.8053	0.5110	0.0871	0.4343	0.8797	0.4713	0.1037	0.5515	0.3915	0.2564	0.7638	0.9342	0.3926	0.2298	0.9505	0.7392	0.6378	0.4630	0.7715	0.7703	27
1	0.6798	0.3603	0.0099	0.0644	0.9203	0.9745	0.5104	0.4458	0.7794	0.4387	0.2639	0.5241	0.7008	0.7363	0.7156	0.1178	0.5827	0.8533	0.6280	0.1055	0.7812	0.5216	0.7694	0.7027	0.9944	un
1	0.4285	0.7338	0.4978	0.6891	0.0714	0.6330	0.1040	0.1834	0.8065	0.3038	0.4562	0.7234	0.2245	0.4131	0.3543	0.6923	0.7213	0.8641	0.5218	0.5374	0.3104	0.8407	0.7784	0.5774	0.5350	iw
2	0.0674	0.3561	0.4281	0.2017	0.0855	0.9223	0.4786	0.0413	0.2254	0.5683	0.3645	0.3009	0.6323	0.0157	0.4485	0.9350	0.8824	0.7385	0.9514	0.3216	0.0860	0.2092	0.9065	0.6686	0.5036	0.000139
1	0.2708	0.9762	0.2499	0.2990	0.6780	0.8574	0.6769	0.3620	0.3698	0.2217	0.4205	0.2106	0.7177	0.6011	0.1509	0.8804	0.8678	0.8583	0.3250	0.8837	0.6183	0.1135	0.8378	0.5788	0.1062	yazv
3	0.4589	0.6348	0.9364	0.8341	0.6546	0.0480	0.5767	0.4313	0.4540	0.0011	0.2433	0.8946	0.7777	0.5108	0.5568	0.3734	0.5388	0.1520	0.6723	0.8642	0.8420	0.9795	0.9691	0.8460	0.7336	29
1	0.5574	0.1726	0.6957	0.5783	0.4727	0.2283	0.3975	0.4956	0.2504	0.4522	0.2517	0.6445	0.7630	0.5710	0.6197	0.0583	0.1950	0.8606	0.3426	0.4354	0.6348	0.6907	0.7743	0.4536	0.1035	
3	0.9659	0.7600	0.2562	0.9887	0.4012	0.2341	0.7237	0.1968	0.5639	0.9460	0.1709	0.1758	0.1914	0.3764	0.5372	0.8853	0.9057	0.4791	0.0681	0.9748	0.0010	0.6506	0.7667	0.4581	0.8437	2
2	0.3990	0.8389	0.0262	0.3942	0.0475	0.1847	0.2879	0.6488	0.8271	0.2039	0.1415	0.5835	0.6275	0.8512	0.9622	0.3311	0.0722	0.7418	0.3509	0.1544	0.4797	0.4773	0.2783	0.4035	0.4262	0.000800
1	0.6876	0.6364	0.1203	0.2711	0.8740	0.9929	0.0039	0.2612	0.2632	0.4941	0.8687	0.3815	0.0436	0.6768	0.5914	0.2356	0.9241	0.2861	0.4726	0.3710	0.1723	0.4503	0.6293	0.9730	0.1879	
1	0.5091	0.5210	0.6997	0.2790	0.5081	0.2496	0.3263	0.4180	0.1348	0.0528	0.7982	0.0956	0.4793	0.1733	0.9802	0.3171	0.9290	0.8615	0.0580	0.6806	0.9432	0.7555	0.1718	0.4585	0.9003	wlaz
3	0.3357	0.8953	0.5001	0.2976	0.2991	0.3606	0.7250	0.3441	0.2002	0.6970	0.7474	0.5493	0.5004	0.8558	0.8425	0.7351	0.3852	0.3401	0.1205	0.9193	0.6697	0.0126	0.2373	0.7543	0.3814	24
1	0.8098	0.2751	0.7898	0.1199	0.6072	0.4335	0.2271	0.6710	0.6374	0.3229	0.7724	0.1757	0.8465	0.7056	0.9923	0.9606	0.1830	0.4988	0.5655	0.2746	0.6813	0.1615	0.9153	0.1079	0.8379	
2	0.9866	0.6799	0.7082	0.8679	0.0850	0.3691	0.5421	0.4704	0.6219	0.8261	0.7224	0.4922	0.2487	0.1777	0.7567	0.3675	0.0224	0.9676	0.5435	0.7249	0.3225	0.6605	0.3923	0.8974	0.7385	0.000593
2	0.7367	0.3034	0.0354	0.0506	0.8650	0.4472	0.6108	0.2351	0.0024	0.4108	0.0707	0.7595	0.6105	0.5816	0.6043	0.0611	0.4905	0.1673	0.7924	0.3012	0.7106	0.4197	0.5420	0.4228	0.9084	0.000363
3	0.8512	0.4645	0.8195	0.0779	0.8200	0.1750	0.4706	0.1866	0.3019	0.7593	0.2103	0.1805	0.1799	0.8900	0.5772	0.9862	0.2455	0.4521	0.8209	0.5187	0.3907	0.2124	0.5953	0.3275	0.7146	25
3	0.8229	0.3611	0.2535	0.0878	0.0333	0.4416	0.7567	0.2326	0.7802	0.6120	0.7607	0.0806	0.4799	0.4743	0.3714	0.2009	0.1268	0.9454	0.4341	0.0773	0.3246	0.5661	0.1025	0.2520	0.6644	22
2	0.3112	0.5740	0.0171	0.3926	0.9294	0.6486	0.2367	0.4377	0.1937	0.3052	0.3910	0.6698	0.0069	0.4465	0.9737	0.8454	0.9913	0.6516	0.9974	0.2969	0.8164	0.7617	0.6791	0.2788	0.8284	0.000456
1	0.9472	0.8498	0.4133	0.9914	0.8064	0.4391	0.4816	0.9132	0.0810	0.8907	0.3941	0.6579	0.3978	0.4390	0.5971	0.8798	0.4010	0.9128	0.8497	0.5795	0.9655	0.0630	0.2439	0.2565	0.5917	
2	0.4826	0.6059	0.2681	0.5591	0.6563	0.1671	0.3815	0.5543	0.6698	0.3934	0.9994	0.1826	0.9392	0.7091	0.6875	0.6899	0.8373	0.0823	0.5383	0.1183	0.6146	0.0314	0.9642	0.5991	0.0225	0.000570
2	0.7661	0.5515	0.7110	0.9379	0.1613	0.8743	0.1162	0.6480	0.8250	0.4661	0.4266	0.6622	0.1060	0.5968	0.7694	0.0570	0.0138	0.7813	0.6830	0.9696	0.6727	0.4138	0.1602	0.1754	0.1706	0.000618
1	0.8947	0.6450	0.3340	0.9312	0.7878	0.6023	0.2204	0.4355	0.2498	0.8791	0.7207	0.4418	0.2565	0.9881	0.4212	0.1022	0.3140	0.8895	0.3133	0.7926	0.6297	0.3936	0.8341	0.2357	0.0940	uwzx
2	0.1612	0.9130	0.5025	0.9202	0.2866	0.0175	0.2569	0.3549	0.5282	0.6814	0.8202	0.9035	0.4736	0.3588	0.3926	0.7325	0.4873	0.9272	0.2570	0.0302	0.1694	0.2781	0.9143	0.1899	0.7039	0.000911
3	0.8851	0.9726	0.4791	0.1865	0.1798	0.9516	0.2985	0.7585	0.8877	0.7126	0.2875	0.1794	0.0465	0.8926	0.7730	0.5432	0.8859	0.4680	0.3743	0.4021	0.3956	0.0867	0.9705	0.6047	0.4684	47
1	0.6110	0.9414	0.0967	0.8577	0.9413	0.8369	0.8545	0.5727	0.5039	0.5787	0.4814	0.7916	0.3360	0.0331	0.9622	0.2515	0.8533	0.2417	0.7679	0.2879	0.4516	0.6882	0.0334	0.3723	0.9746	e
2	0.1520	0.6103	0.5208	0.0812	0.1633	0.9951	0.0598	0.5997	0.7154	0.3255	0.4874	0.0146	0.6998	0.6598	0.6564	0.4501	0.0469	0.1054	0.0237	0.0366	0.4371	0.9697	0.0143	0.0233	0.2307	0.000091
2	0.7774	0.0031	0.5211	0.4763	0.2867	0.5554	0.6435	0.8409	0.1278	0.9463	0.3707	0.6165	0.1517	0.9377	0.8397	0.1511	0.3595	0.3093	0.5761	0.3658	0.6789	0.8975	0.5330	0.6463	0.7544	0.000895
1	0.9976	0.2017	0.6399	0.4775	0.1047	0.0601	0.9931	0.6533	0.6808	0.9626	0.2901	0.7826	0.9113	0.1541	0.3312	0.1789	0.7815	0.9740	0.7233	0.7010	0.6070	0.8701	0.4900	0.1238	0.1034	
2	0.3594	0.8691	0.5495	0.6932	0.6897	0.4330	0.6601	0.5807	0.9112	0.7168	0.1252	0.9478	0.6084	0.0269	0.0979	0.8728	0.9570	0.6088	0.4604	0.4404	0.9626	0.9916	0.1261	0.3205	0.7002	0.000605
3	0.9866	0.5666	0.3101	0.8188	0.7141	0.2871	0.6082	0.0525	0.5206	0.9150	0.2695	0.4626	0.2141	0.2098	0.1801	0.7185	0.6102	0.6482	0.1471	0.2479	0.3591	0.8545	0.9592	0.6896	0.9387	26
1	0.9388	0.5557	0.5547	0.8309	0.2789	0.4521	0.6622	0.1017	0.1826	0.6371	0.4163	0.3010	0.2303	0.3624	0.8530	0.2914	0.6880	0.9378	0.6007	0.2130	0.6566	0.8147	0.1881	0.6966	0.8675	
1	0.7640	0.8410	0.6240	0.9939	0.2489	0.5625	0.8480	0.9311	0.2244	0.4582	0.7443	0.2019	0.4452	0.6759	0.8249	0.0520	0.9888	0.1254	0.7267	0.6968	0.8165	0.5950	0.0935	0.0678	0.9249	
3	0.5567	0.2611	0.5425	0.6475	0.9720	0.8845	0.5613	0.9108	0.4086	0.9663	0.6098	0.3545	0.1895	0.7337	0.7746	0.8522	0.4256	0.7843	0.1858	0.8048	0.8354	0.8962	0.7271	0.1695	0.7448	41
3	0.1113	0.2319	0.5836	0.1122	0.6818	0.2542	0.5949	0.4673	0.3080	0.5325	0.4389	0.3657	0.8579	0.8614	0.8261	0.7660	0.3315	0.6977	0.8965	0.0857	0.0853	0.7201	0.2455	0.3458	0.2098	39
2	0.3018	0.3938	0.2150	0.8318	0.2162	0.1965	0.9403	0.8648	0.9083	0.9414	0.8291	0.3413	0.7645	0.5972	0.9437	0.9120	0.5354	0.0300	0.2857	0.5170	0.9615	0.7756	0.1385	0.6192	0.3323	0.000961
1	0.6195	0.7796	0.4289	0.5362	0.4103	0.0630	0.1684	0.0008	0.0522	0.4616	0.9078	0.9080	0.7964	0.6050	0.5898	0.8648	0.4536	0.9641	0.0947	0.0077	0.0773	0.0733	0.3150	0.0895	0.3156	
2	0.8889	0.5986	0.9735	0.1070	0.9399	0.7930	0.9572	0.2454	0.6618	0.6050	0.5629	0.2537	0.3979	0.5932	0.5654	0.2571	0.4542	0.1818	0.8804	0.3028	0.2314	0.9499	0.8171	0.1315	0.7472	0.000093
3	0.0957	0.2052	0.0525	0.2082	0.2680	0.6079	0.7591	0.6492	0.9907	0.7753	0.1943	0.9503	0.6012	0.2145	0.4176	0.3437	0.4435	0.8064	0.1257	0.3981	0.2419	0.8225	0.8093	0.2437	0.0620	4
3	0.4504	0.2153	0.9403	0.8695	0.6210	0.4407	0.3907	0.9916	0.9354	0.1377	0.8860	0.3669	0.2920	0.0122	0.4904	0.3565	0.6780	0.2801	0.7581	0.8600	0.9318	0.2246	0.9344	0.5062	0.0232	23
1	0.3530	0.5102	0.3411	0.5388	0.0214	0.8727	0.2769	0.3773	0.3736	0.1277	0.0143	0.5580	0.6676	0.8054	0.8684	0.6479	0.2803	0.8189	0.9940	0.3723	0.7901	0.4223	0.0819	0.0260	0.6787	km
3	0.2497	0.9825	0.5306	0.1286	0.1676	0.3793	0.0314	0.3735	0.7275	0.0031	0.1611	0.7721	0.6781	0.6990	0.2472	0.1792	0.0324	0.4507	0.5648	0.0362	0.1892	0.0199	0.9197	0.5920	0.2821	10
2	0.5150	0.8211	0.0793	0.7166	0.4210	0.0633	0.2345	0.6206	0.6758	0.7953	0.2832	0.8257	0.3920	0.4313	0.3849	0.3059	0.7138	0.1470	0.4169	0.2002	0.6738	0.2398	0.8088	0.8808	0.3139	0.000630
1	0.5864	0.8047	0.0194	0.8151	0.1685	0.7492	0.9350	0.5086	0.7997	0.0340	0.3890	0.6033	0.3207	0.0406	0.3151	0.6755	0.4046	0.3619	0.5562	0.7868	0.9232	0.5008	0.9306	0.4590	0.7708	
1	0.2718	0.6993	0.1895	0.4954	0.8582	0.0895	0.6892	0.2194	0.4986	0.1250	0.0917	0.4744	0.4372	0.5628	0.0049	0.7246	0.0125	0.2815	0.7291	0.7849	0.9170	0.2393	0.3796	0.4458	0.7154	
3	0.4497	0.4825	0.0379	0.8777	0.9607	0.6950	0.2722	0.4698	0.5772	0.1210	0.2803	0.1703	0.1746	0.5034	0.6351	0.7897	0.6760	0.1991	0.9571	0.6179	0.3978	0.9251	0.0942	0.8378	0.4715	16
2	0.9190	0.4163	0.5309	0.3057	0.8637	0.1705	0.8970	0.8235	0.1126	0.1758	0.9164	0.4138	0.9132	0.3857	0.7681	0.9571	0.2680	0.9836	0.6928	0.0575	0.3094	0.2443	0.8456	0.5052	0.5710	0.000826
3	0.2349	0.4284	0.4021	0.9134	0.9261	0.9264	0.1161	0.9000	0.8755	0.4498	0.0381	0.9545	0.4809	0.6075	0.5745	0.8767	0.0273	0.4388	0.6490	0.8167	0.8619	0.9198	0.6800	0.4504	0.1998	22
2	0.7716	0.1803	0.4568	0.5270	0.3927	0.6731	0.2708	0.4280	0.9655	0.5784	0.0431	0.9504	0.6084	0.4678	0.7375	0.9057	0.9240	0.2365	0.9632	0.8709	0.1903	0.2503	0.1321	0.5019	0.4039	0.000349
1	0.8617	0.9162	0.0614	0.5929	0.4057	0.4352	0.5001	0.8107	0.4857	0.9261	0.1011	0.1331	0.7728	0.2303	0.3103	0.6310	0.5946	0.4034	0.9408	0.9457	0.1928	0.3038	0.2166	0.0137	0.6616	
3	0.9147	0.3480	0.1401	0.6296	0.4167	0.3531	0.1064	0.1764	0.1604	0.6622	0.1062	0.7819	0.9772	0.1696	0.5741	0.2597	0.3856	0.8856	0.3075	0.1267	0.8993	0.9251	0.4639	0.6816	0.9323	14
3	0.2582	0.7640	0.3282	0.0891	0.7249	0.7900	0.5909	0.5123	0.6530	0.8942	0.4775	0.5473	0.0324	0.1028	0.6659	0.5380	0.0268	0.6465	0.8124	0.6575	0.9451	0.1274	0.3574	0.4582	0.6943	25
2	0.5118	0.3596	0.6458	0.0996	0.2086	0.0980	0.0069	0.8273	0.4434	0.9278	0.5707	0.0366	0.0518	0.6577	0.2065	0.2216	0.5107	0.3861	0.0147	0.9638	0.3758	0.4602	0.5899	0.6535	0.1076	0.000019
